.7071014066596477 0.6986586772844792 0.10901217067396451 0.0 0.7014947275587543 -0.6737041076993447 -0.23243907261107954 0.0 -0.08895362784741584 0.24082945817347956 -0.9664825007048249 0.0 0.4133001855758761 0.15526104261827905 0.5349418561895114 1.
.7068957440448065 0.6988868603503442 0.10888325620120873 0.0 0.7064977435241522 -0.7050704696474969 -0.061127499755343775 0.0 0.0340491622014564 0.12013654423486862 -0.9921733040616857 0.0 0.38529642188525254 0.18222711717572315 0.5438649142965134 1.
.7066187763463174 0.6991818695439422 0.10878703146915299 0.0 0.6901719861065466 -0.71493250375302 0.11195599435127428 0.0 0.15605298622127517 -0.00402844616143197 -0.987740470524999 0.0 0.3571023121204147 0.21039990687116653 0.5459393863795912 1.
.7066877627060916 0.6992719485916973 0.10775503679285361 0.0 0.6527351055153762 -0.7031215018613866 0.2820585677621205 0.0 0.2730005275989214 -0.1289918428931009 -0.9533267102089148 0.0 0.3278105008613415 0.23967278175088386 0.547405989769824 1.
.7068449689447789 0.6988253666108102 0.10960518627656853 0.0 0.5949024292930156 -0.6711129330414536 0.44237826656128354 0.0 0.3827026123489664 -0.24748846051031145 -0.8901057085624791 0.0 0.3053082489721596 0.26563225095141957 0.5258165360493277 1.
.7070738210462166 0.6986359505601617 0.1093362710906218 0.0 0.519474611444444 -0.6180855874430424 0.59001384276967 0.0 0.4797840552329209 -0.3603859253357272 -0.7999557770053075 0.0 0.2834499171002656 0.2910102593136555 0.5046159261453228 1.
.7071389135511554 0.6985714775826607 0.1093272502611754 0.0 0.4282752093785723 -0.5461926366183952 0.7198985683661174 0.0 0.5626143456875513 -0.46224614050506024 -0.6854149134755857 0.0 0.26451051164831446 0.3143166878503405 0.4788921663333704 1.
.7073124710620936 0.6984114372215928 0.10922697761132233 0.0 0.3242342159019513 -0.45783002047331206 0.827806647467785 0.0 0.6281570197955937 -0.5501028419409193 -0.5502777678318851 0.0 0.25003780001789316 0.3338734885430612 0.4478693121042588 1.
.6402280303646377 0.7673429156187039 -0.03595718266498488 0.0 0.44179246019508767 -0.3295068998081397 0.8344127426481456 0.0 0.6284325669872532 -0.5501000389280255 -0.5499658679601821 0.0 0.2523124734124317 0.331983913708097 0.4455869445942394 1.
.5539400937025081 0.8126799948566799 -0.18083583314322182 0.0 0.5463540107967876 -0.19094359186832255 0.8154985221388737 0.0 0.6282098912585826 -0.5505377105014425 -0.5497822858556919 0.0 0.2558535677993146 0.32882748737934225 0.44229671796831144 1.
.4504509372149822 0.8336071629760672 -0.3196764786422932 0.0 0.6343492028395735 -0.04687225767878468 0.7716243129379032 0.0 0.6282475961107545 -0.5503654143340458 -0.5499116917160175 0.0 0.2560433103591535 0.32865783713027646 0.4420920755063532 1.
.3332721937543161 0.829275896932649 -0.44858793077471026 0.0 0.7028933149335418 0.09857373337229156 0.7044318326926925 0.0 0.6283873269663567 -0.5500769999332812 -0.550040599821939 0.0 0.2560628313360799 0.3286575808164863 0.4420967659908238 1.
.20592331290800853 0.7996923300511758 -0.563992700713681 0.0 0.7500546462283854 0.24118172532925614 0.6158322848295752 0.0 0.6285010874073348 -0.5498395698970061 -0.5501480078154182 0.0 0.25607430274648485 0.3286410937390122 0.44206151754293566 1.
.07227142542519918 0.7459109054664051 -0.662113103761961 0.0 0.7742624646306192 0.376514338518297 0.5086792592137488 0.0 0.628724484119339 -0.5494122987305768 -0.5503195881235323 0.0 0.2560543763245253 0.3286582525758441 0.44207022035394783 1.
.7523369984128035 0.609038307707751 0.2511202512018729 0.0 0.19684005823867753 -0.5715989842615228 0.7965730303392085 0.0 0.6286835708779154 -0.5498608377905033 -0.5499182000739009 0.0 0.2537574568303609 0.33056358385989276 0.44437784608063163 1.
.7749406996425586 0.5008301458188127 0.38553349669854664 0.0 0.06352543212052769 -0.6686196417408329 0.7408861546501329 0.0 0.6288333893102381 -0.5496516530653458 -0.549956024397525 0.0 0.2529302994759502 0.331278621302671 0.44498717962963413 1.
.7744636652652156 0.37671928198872184 0.5082210284530444 0.0 -0.07228038178266841 -0.7454068660924151 0.6626795231419453 0.0 0.6284755982481101 -0.5499556223552827 -0.5500611201007519 0.0 0.24612731855739198 0.33720243878913764 0.4510912658925583 1.
.7505211061250222 0.24120093870886516 0.6152561876379914 0.0 -0.20591828033629986 -0.799304684559889 0.5645437831239992 0.0 0.6279456434152673 -0.5503945206909117 -0.5502273534723692 0.0 0.2498588925782494 0.33401870150482804 0.44783908809994405 1.
.7037316392872446 0.09888156010936411 0.7035511473492354 0.0 -0.33305450294244415 -0.8288015791565223 0.44962499981364035 0.0 0.6275639233861747 -0.5507362158583661 -0.5503209450912789 0.0 0.25209656761954397 0.33207326216395217 0.44550675199657497 1.
.6351053674318529 -0.0466864448755393 0.7710133255165791 0.0 -0.4505441618208233 -0.833172935726608 0.32067556411718867 0.0 0.6274162338578936 -0.5510383244726166 -0.5501869086537671 0.0 0.25246384723518167 0.3317820057839187 0.44532006193100315 1.
.707269537165794 0.6987869062718172 0.10708249819810023 0.0 0.628270277579218 -0.5518623072216866 -0.5483834900673881 0.0 -0.3241084079560662 0.455131688076121 -0.829342442180047 0.0 0.47026062405949925 0.10224123052620608 0.5009212195453092 1.
.7073416038910946 0.6987166324887392 0.10706504045845178 0.0 0.5625210221736754 -0.46467855140692726 -0.6838449703514993 0.0 -0.42806302692180376 0.5439383341390417 -0.7217292661632804 0.0 0.4929411884152064 0.08350682495319957 0.47402992059689436 1.
.707506639044811 0.6985728167917795 0.1069129334884909 0.0 0.47950951389745194 -0.36339609389346406 -0.7987577261127445 0.0 -0.5191386922483674 0.6163921629795203 -0.5920774608343773 0.0 0.5139800426267371 0.06667268367000784 0.4449395316345696 1.
.7076264922850682 0.6984657011894283 0.10681952854366156 0.0 0.3821156216403514 -0.2511162664380494 -0.8893414824625141 0.0 -0.5943504009544688 0.6701390042313419 -0.4445911783797418 0.0 0.5316572138237848 0.053868125352425356 0.4118150957466191 1.
.7077046103640647 0.6984038698959996 0.10670622748340003 0.0 0.27312153976134623 -0.13115429059996597 -0.9529969446832509 0.0 -0.6515817745976623 0.7035841005675949 -0.2835676364479028 0.0 0.5453478874612777 0.04565236196118022 0.37544203782627733 1.
.7082965407119802 0.6978444477989911 0.10643841924588632 0.0 0.15580009381856014 -0.007475907987761821 -0.9877603158488837 0.0 -0.6885073283426763 0.7162103304727456 -0.114019390204257 0.0 0.554980508625695 0.041420143558753036 0.3371018739883898 1.
.7083312071484548 0.6978255534281189 0.10633154735238493 0.0 0.03397010901924202 0.11676318773956323 -0.992578656672667 0.0 -0.7050623608396877 0.706686532326487 0.059001799595700344 0.0 0.5600115831147101 0.04251591946427647 0.2976745582490556 1.
.7089878960470101 0.6971766464274616 0.10621151978477894 0.0 -0.09020804856196885 0.2390257802869979 -0.9668139347014156 0.0 -0.6994273881064964 0.6758782434983023 0.23235732984387264 0.0 0.5573546865476959 0.05089984682591031 0.25878979764853205 1.
.7130233560492601 0.6456547601921209 0.2733635388443472 0.0 0.03554178545698983 0.3560991342319813 -0.9337720214729947 0.0 -0.7002388701113209 0.6755170887849457 0.23095927681029077 0.0 0.5544938579574983 0.05408741052049644 0.2602199189048202 1.
.6963987138705611 0.5742978046649648 0.43036131665895594 0.0 0.15713568764639943 0.46310353998274006 -0.8722634274824019 0.0 -0.7002408207090768 0.6750682504846871 0.2322620291830374 0.0 0.5622098869008685 0.046399675355655236 0.2571981531904954 1.
.657647729314132 0.48498745600353355 0.5764430862168328 0.0 0.2770815438518548 0.5558300820782259 -0.7837593622493995 0.0 -0.7005178671416159 0.6751593051836976 0.2311593183049903 0.0 0.554337063637928 0.05425078217932307 0.2603506430130795 1.
.6009956285790674 0.38009074220182326 0.7030898108501638 0.0 0.38808706235483176 0.6302439872206944 -0.6724440115020419 0.0 -0.6987078691854336 0.6769959706413535 0.23126558168850575 0.0 0.5583696760541114 0.04918240853694068 0.2586370109657515 1.
.5225015866406982 0.2667315134855638 0.8098434365182283 0.0 0.48523431344278806 0.6879778153887963 -0.5396611775832736 0.0 -0.701098960928954 0.6749376454507187 0.230042217294524 0.0 0.5604398102727415 0.0481700081677639 0.2583894794576147 1.
.4310344067053773 0.14324925934314253 0.8908922437274807 0.0 0.567743472816523 0.7243372307183963 -0.3911558835930233 0.0 -0.701339211302475 0.6743999005729804 0.23088543651944948 0.0 0.5639854732381366 0.04471066702317505 0.2569982574785953 1.
.6817366316869675 0.7289423522656191 -0.062275292769877644 0.0 -0.21064487118892938 0.11405857081552184 -0.9708858741712747 0.0 -0.7006168020094204 0.6750064366337455 0.2313058737799497 0.0 0.5535953798512246 0.054850621449593885 0.2607649007936213 1.
.6349590870507336 0.7373444258699133 -0.23054317472063018 0.0 -0.3273332556897456 -0.013530651678199335 -0.9448120771797506 0.0 -0.6997713179969944 0.6753814619189153 0.23276594124789401 0.0 0.5533809743013995 0.05489130745756576 0.26039177917796447 1.
.5687974806030217 0.7237542585974882 -0.39070346712264437 0.0 -0.43093134842729985 -0.14236448973538102 -0.8910839045819499 0.0 -0.7005480704436235 0.6752126518544989 0.23091183549859684 0.0 0.5578572394004508 0.05094877316971607 0.25945461760507027 1.
.4874797352851769 0.6863137136983475 -0.5397564210603489 0.0 -0.5246976576508019 -0.2638475510220034 -0.8093681720178112 0.0 -0.6978938857319615 0.6777595120758351 0.23148686366329752 0.0 0.550920529159114 0.056605728843699916 0.26152114432756246 1.
.38736770603639237 0.6311020617890801 -0.6720539025447849 0.0 -0.600038986321979 -0.3808462051665624 -0.7034979622599628 0.0 -0.699928192898239 0.6757709342786213 0.23115832057359426 0.0 0.5587900178444664 0.04985977420530825 0.2591236884073144 1.
.277801780884979 0.5554513157050283 -0.7837729303941846 0.0 -0.6598085972681371 -0.4826648482259688 -0.5759229629542966 0.0 -0.698196810010034 0.6771325425413813 0.2324063990583236 0.0 0.5504179161843773 0.05757686556711061 0.2617148917055595 1.
.6607827911317744 0.7487261234028204 -0.05268106944896589 0.0 0.6740471636497759 -0.6228215344012402 -0.3971822723407693 0.0 -0.33019164756213065 0.22694168506528176 -0.916226471708789 0.0 0.47564304890814146 0.1505514686607856 0.5208801408644685 1.
.5936733029712027 0.7765389732067196 -0.2110432003887262 0.0 0.6736681558096513 -0.6230489816875304 -0.39746846700858496 0.0 -0.4401400063471689 0.0937933340338473 -0.8930171248657717 0.0 0.5000231319084891 0.18052583393069066 0.5149487178650021 1.
.5080443474407963 0.7811055523906735 -0.36299456890966897 0.0 0.6737137718397888 -0.6229454909187943 -0.39755335362357047 0.0 -0.5366569618171937 -0.04257970606290422 -0.8427255033311474 0.0 0.5220773121218766 0.21126724396238666 0.5042100627544397 1.
.38357752629212366 0.8768999208487804 -0.28968053117014536 0.0 0.7511187143276336 -0.47872613668872077 -0.45457888538502866 0.0 -0.5372978301746788 -0.04321822377764539 -0.8422845284243843 0.0 0.5228984702115798 0.211289190384385 0.5049441617407594 1.
.2470615343647021 0.9469278304712941 -0.20564114888875434 0.0 0.8070958093562871 -0.31853660126975536 -0.49712250821204235 0.0 -0.536243370827909 -0.04315225985322951 -0.8429596251972457 0.0 0.5230564373212606 0.2115596202541387 0.5058704475619797 1.
.10367038909063081 0.9877915501728691 -0.11627684134374051 0.0 0.837738610831835 -0.14973842698294948 -0.5251403844746845 0.0 -0.5361403457559828 -0.04296809155352485 -0.8430345620203853 0.0 0.52331335582875 0.21125507569432495 0.5060912759550102 1.
0.04365913055240808 0.9987691860425442 -0.023537062928951358 0.0 0.8431103065098312 0.02419522539787461 -0.53719605557454 0.0 -0.5359653826286787 -0.043297853062936875 -0.843128937081295 0.0 0.5234391094957516 0.2113990355372472 0.5061605062775064 1.
0.19016067851589305 0.979254227910186 0.07000052475803596 0.0 0.8229886091950684 0.19787901885083603 -0.5324787723785777 0.0 -0.5352837242823116 -0.04364689013727918 -0.8435438835649288 0.0 0.5240066819362154 0.21165500983018942 0.5078828970987908 1.
0.3296685323404376 0.9302222852412747 0.16126115100979066 0.0 0.7767120936365692 0.36433411813739885 -0.5137888418015137 0.0 -0.5366907697950459 -0.04412652718654082 -0.8426243927250482 0.0 0.5241431881398132 0.21160395840642382 0.5068920550576221 1.
.6173749467579993 0.6608060350177556 -0.4268296606372028 0.0 0.5755140804352057 -0.7493016898483825 -0.32761337092856535 0.0 -0.5363130786549742 -0.0433861922098589 -0.8429032684651024 0.0 0.5242713258518304 0.21141734659589329 0.5071917350828008 1.
.7078907944934179 0.5209793388159072 -0.47693935840777213 0.0 0.4597837680261673 -0.8524758532852397 -0.24876455982567544 0.0 -0.5361804824227909 -0.043190833431905384 -0.8429976525331019 0.0 0.5242502343955847 0.2115409921902044 0.5073711616048965 1.
.7767971761397563 0.36486108702699466 -0.513286016091205 0.0 0.3296776106389384 -0.9300577723868633 -0.1621888191774825 0.0 -0.5365620375918346 -0.04323109062081816 -0.8427527826231328 0.0 0.5242115941003084 0.21152093581017278 0.5070502564978526 1.
.8223295078936248 0.1979533037720996 -0.5334685276313306 0.0 0.18973765719996488 -0.9792715388044393 -0.07090045647140622 0.0 -0.5364455255547367 -0.04291553114311855 -0.8428430786919985 0.0 0.524232235956526 0.21152758722941975 0.5072711590022232 1.
.8427725903108196 0.024964617625181484 -0.5376905512352061 0.0 0.044048424431576944 -0.9987721754540745 0.022668873898617076 0.0 -0.5364644418094148 -0.042789127188623724 -0.8428374655107288 0.0 0.5242214582231213 0.21157402404474526 0.5072787117986659 1.
.8376112162082141 -0.14894811291136667 -0.5255681783958567 0.0 -0.10318363002456682 -0.9879293471066729 0.11553676306845533 0.0 -0.5364332101735962 -0.042544856158245575 -0.842869708933311 0.0 0.5242619150914288 0.21153710502950368 0.507151162052676 1.
.7239670306082642 0.6651707141478421 0.18281044727340576 0.0 0.6733347090362121 -0.6237719180338336 -0.3968991860403749 0.0 -0.14997369169081812 0.4104345444921056 -0.8994728325459226 0.0 0.44001522587065434 0.10828630513856383 0.5249753905253793 1.
.7334251654395292 0.6276500765430314 0.2610419661961007 0.0 0.6742659694394909 -0.6229381527633171 -0.396627609083949 0.0 -0.08633034898471681 0.46690838421188474 -0.8800816050780883 0.0 0.42546064819343093 0.09556493212802562 0.5213555819163946 1.
.7383032416466944 0.5843899726058278 0.3367442401760463 0.0 0.6741113248302226 -0.6231038484308479 -0.39663020032053664 0.0 -0.021960079909346286 0.5198364685056512 -0.8539834898298374 0.0 0.4110240662180762 0.08287089170611184 0.5164527001409932 1.
.7376915347224955 0.5366587259228923 0.4096444940306016 0.0 0.6738083186378577 -0.6232879001399985 -0.39685582177094836 0.0 0.0423503168015662 0.5687790479877834 -0.8213993214246758 0.0 0.39637924711873296 0.07152128878603219 0.5091432436103291 1.
.730898017699747 0.48530001207887247 0.47986663355439346 0.0 0.674149360612696 -0.6229415540221256 -0.39682043780278325 0.0 0.1063519031709057 0.6135370555628613 -0.7824714398258769 0.0 0.3818460807554048 0.06156114287378905 0.5003609381214196 1.
.7185132526312239 0.42995309031118495 0.5466983134464207 0.0 0.6744102084934268 -0.6228520165683118 -0.3965176366022575 0.0 0.17002816376457014 0.6536021003551392 -0.7374921816115741 0.0 0.36764338119825973 0.05353387628931925 0.4892972761101164 1.
.5901296494136186 0.5316144114453087 0.6075632596089212 0.0 0.7891921245012248 -0.5384189675235656 -0.29543325140562815 0.0 0.1700670088765105 0.6538280606967825 -0.7372829033263157 0.0 0.36768759090879843 0.053901002913045934 0.48906549724439424 1.
.4440802473733313 0.6170207810235785 0.6496753725345406 0.0 0.8797227145476237 -0.4377940013524439 -0.1855380227575369 0.0 0.16994316521061043 0.6539279533441504 -0.7372228648335112 0.0 0.3677244241846248 0.05406063465771078 0.4888792733500244 1.
